g++    -c -o main.o main.cc
g++ -o sim main.o cache.o memory.o
0.997600 0.773700 0.657600 0.597300 0.566800 
0.997600 0.772900 0.655800 0.595300 0.563600 
0.997600 0.771900 0.652700 0.590700 0.557900 
0.997000 0.770700 0.650500 0.587100 0.551800 
0.996500 0.770100 0.649700 0.585800 0.549300 
0.996500 0.770100 0.649700 0.585700 0.549200 
0.996500 0.770100 0.649700 0.585700 0.549200 
0.996500 0.770100 0.649700 0.585700 0.549200 
0.996500 0.770100 0.649700 0.585700 0.549200 
0.996500 0.770100 0.649700 0.585700 0.549200 
0.996500 0.770100 0.649700 0.585700 0.549200 

0.570500 0.569400 0.567500 0.566800 0.566400 0.566800 
0.564600 0.563400 0.563800 0.563600 0.563100 0.563200 
0.561200 0.557600 0.557500 0.557900 0.558600 0.558300 
0.556000 0.553400 0.551900 0.551800 0.551500 0.551200 
0.552200 0.551300 0.550300 0.549300 0.549300 0.549200 
0.551000 0.549400 0.549200 0.549200 0.549200 0.549200 
0.549200 0.549300 0.549200 0.549200 0.549200 0.549200 
0.549200 0.549200 0.549200 0.549200 0.549200 0.549200 
0.549200 0.549200 0.549200 0.549200 0.549200 0.549200 
0.549200 0.549200 0.549200 0.549200 0.549200 0.549200 
0.549200 0.549200 0.549200 0.549200 0.549200 0.549200 

0.657600 0.351800 0.657600 0.351800 

1.000000 0.743970 0.615711 0.551398 0.519166 
1.000000 0.743909 0.615650 0.551337 0.519105 
1.000000 0.743909 0.615650 0.551337 0.519105 
1.000000 0.743909 0.615650 0.551337 0.519105 
1.000000 0.743909 0.615650 0.551337 0.519105 
1.000000 0.743909 0.615650 0.551337 0.519105 
1.000000 0.743909 0.615650 0.551337 0.519105 
1.000000 0.743909 0.615650 0.551337 0.519105 
1.000000 0.743909 0.615650 0.551337 0.519105 
1.000000 0.743909 0.615650 0.551337 0.519105 
1.000000 0.743909 0.615650 0.551337 0.519105 

0.520111 0.519959 0.519684 0.519166 0.519166 0.519166 
0.519532 0.519105 0.519105 0.519105 0.519105 0.519105 
0.519318 0.519105 0.519105 0.519105 0.519105 0.519105 
0.519196 0.519105 0.519105 0.519105 0.519105 0.519105 
0.519135 0.519105 0.519105 0.519105 0.519105 0.519105 
0.519135 0.519105 0.519105 0.519105 0.519105 0.519105 
0.519135 0.519105 0.519105 0.519105 0.519105 0.519105 
0.519135 0.519105 0.519105 0.519105 0.519105 0.519105 
0.519105 0.519105 0.519105 0.519105 0.519105 0.519105 
0.519105 0.519105 0.519105 0.519105 0.519105 0.519105 
0.519105 0.519105 0.519105 0.519105 0.519105 0.519105 

0.615711 0.304089 0.615711 0.304089 

